TARGET_CLASS,search_budget,Size,Length,Generations,MethodNoExceptionCoverageBitString
org.apache.hadoop.yarn.proto.ResourceTracker,120,11,45,262,111011111111111
