TARGET_CLASS,search_budget,Size,Length,Generations,BranchCoverageBitString
net.sf.javaml.core.SparseInstance,120,21,78,2185,11111111111111111111111111111111111111101111111000111111
