TARGET_CLASS,search_budget,Size,Length,Generations,BranchCoverageBitString,ExceptionCoverageBitString
org.apache.hadoop.fs.GlobExpander,120,6,6,2945,1111111111111110001101110101110111111000111111111101111111,01
