TARGET_CLASS,search_budget,Size,Length,Generations,MethodNoExceptionCoverageBitString
org.apache.hadoop.crypto.key.KeyProvider,120,26,80,569,1000000010000000000001001111111011111111111111111111
