TARGET_CLASS,search_budget,Size,Length,Generations,MethodNoExceptionCoverageBitString
org.apache.hadoop.yarn.server.nodemanager.health.NodeHealthScriptRunner,120,2,3,2558,1010
