TARGET_CLASS,search_budget,Size,Length,Generations,MethodCoverageBitString
org.apache.hadoop.metrics2.source.JvmMetrics,120,8,17,5,11111001111
