TARGET_CLASS,search_budget,Size,Length,Generations,WeakMutationCoverageBitString,BranchCoverageBitString
org.apache.hadoop.yarn.client.api.impl.TimelineV2ClientImpl,120,20,89,358,1100000000000000000011111111111111011011110111101111110111010110110001111111100000000000000000000000000000011111111111111110010011100000000000000000000000000000000000000000000000000000000000000000000000000000000,1111111100000000001001001111111111111111111111101101111101010000000011111000000000000000000000000000000000000000000000000000
