TARGET_CLASS,search_budget,Size,Length,Generations,BranchCoverageBitString
org.apache.commons.math3.geometry.euclidean.threed.Rotation,120,56,188,1861,111111111111111111111111111111111111111111111111111111111111111111111111111111111111111111111111111111111111111111111111111
