TARGET_CLASS,search_budget,Size,Length,Generations,MethodNoExceptionCoverageBitString,BranchCoverageBitString
org.apache.hadoop.thirdparty.com.google.common.hash.Murmur3_32HashFunction,120,21,77,456,1111111111100000000,110101111111110111111111111111111111111111111111101111111110000111100000000000000000000000001
