TARGET_CLASS,search_budget,Size,Length,Generations,CBranchCoverageBitString,BranchCoverageBitString
com.eteks.sweethome3d.viewcontroller.HomeController,120,54,245,430,001010000100010100110110001101000001001000000100100000111100010010000100001100010000000111010100101010100001100001110000000000000000000000000110011011000000000000000000000000000000000000000000000000000000000000000000000000000000000000000000000000000000000000000000000000000000000000000000000000000000000000000000000000000000000000000000000000000000000000000000000000000000000000000000000000000000000000000000000000000000000000000011110000000001111100000000000000000000000000000000000000110010000000111000110000000000111111000000000000000000000000000000000000000000000000001101100011000000000000000001000001000000110101,001110111011101110111111111111111101011011000000000000000100010001000000000000000000100000000000000000000000001000110000000000000000000000000101010111000000000000000000000000000000000000000000000000000000000000000000000000000000000000000000000000000000000000000000000000000000000000000000000000000000000000000000000000000000000000000000000000000000000000000000000000000000000000000000000000000000000000000000000000000000000000000011110000000011110100000000000000000000000000000000000000110010000000111000110000000000111101110000000100000000000000000000000000000000000000001101100011000000000000000010000010000000111001
