TARGET_CLASS,search_budget,Size,Length,Generations,CBranchCoverageBitString
org.apache.hadoop.yarn.api.records.impl.pb.ContainerRetryContextPBImpl,120,26,57,226,1111111111011111111101111111111111111111111111111111
