TARGET_CLASS,search_budget,Size,Length,Generations,MethodCoverageBitString
weka.core.FindWithCapabilities,120,2,3,6054,10000000000000000001000000
