TARGET_CLASS,search_budget,Size,Length,Generations,BranchCoverageBitString,ExceptionCoverageBitString
org.apache.hadoop.yarn.util.Apps,120,50,85,1762,1111111111111111011111111111111111111111111111111111111111111111111111,1111111111111111111111
