TARGET_CLASS,search_budget,Size,Length,Generations,BranchCoverageBitString
org.apache.hadoop.fs.HarFileSystem,120,57,151,1189,0000000000000000000111111111111111111111111111111111101111111111011111110011111100000000000101111111101000010000000000000000011111111000000000000000000000000000000110000100101100100000000000000000000000000000000000000000000
