TARGET_CLASS,search_budget,Size,Length,Generations,WeakMutationCoverageBitString
org.apache.hadoop.yarn.util.resource.ResourceUtils,120,24,57,178,1111111111111111100100110000110100111111111111110100111111111111111111111111111111111111111111111111111100111110111111111000000000000000000000000011111111011101110100111111111110111111111111111111111111111101011111111111000110011111111111110111111111101111111111111111010000000000000000011111101101001111101000000111110111111101011101111111011000111110110111111111111111111111111111110100000000111001010110000000000001111010000000000000000
