TARGET_CLASS,search_budget,Size,Length,Generations,BranchCoverageBitString
org.apache.hadoop.yarn.util.timeline.TimelineEntityV2Converter,120,33,128,350,111010101010101010101011111010111110101010011111111000001110101111101010101010111110101010111111111111111111111111111111111111111111111111011111111110101111101010101111111111111101010101111111111101100000000000000000000001111111
