TARGET_CLASS,search_budget,Size,Length,Generations,BranchCoverageBitString,ExceptionCoverageBitString
org.objectweb.asm.jip.commons.LocalVariablesSorter,120,34,127,1965,111111111111111111111111111111111111111111111111111011111111111111111111111111111111111,111111111111111
