TARGET_CLASS,search_budget,Size,Length,Generations,CBranchCoverageBitString
net.sf.javaml.core.DenseInstance,120,27,76,9,1111111111111111111111111111111111111111111111111
