TARGET_CLASS,search_budget,Size,Length,Generations,BranchCoverageBitString,OutputCoverageBitString
org.jdom2.output.SAXOutputter,120,65,216,2412,111111111111111111111111111111111111111111111111111111111111111111111111111111111111111100,11111111111111111111110110111111110
