TARGET_CLASS,search_budget,Size,Length,Generations,MethodCoverageBitString
org.apache.hadoop.fs.shell.Ls,120,19,39,2,111111111111111111111
