TARGET_CLASS,search_budget,Size,Length,Generations,BranchCoverageBitString
org.apache.hadoop.metrics2.sink.RollingFileSystemSink,120,11,67,832,111101101001111110000100000000000000000000000000000000000000000000000000000000000000000000000000010000011100011111000111110000000000010000010101000001100
