TARGET_CLASS,search_budget,Size,Length,Generations,WeakMutationCoverageBitString,BranchCoverageBitString
org.jdom2.util.NamespaceStack,120,30,127,1393,1111110111110100111111110111111111111111111101101111111101111110011111111111111111111111111110111111111111111111111111111111111111111111101111111111111111111111111111111111111111111101111111111111111101111111110111111111011111111111111111111111111111111111111111111111111111111111110111111111111111111101111111111111110111111111111011111111111111111111111111111101111111111111111111110111111111011111111111111111111111111111110111111111111111110110111111101101111111111110110111101111111011011111111111011101,111111101010001111101110111111111111111111111111111111111111111111111111111111111111111111111111111111111111111111111111
