TARGET_CLASS,search_budget,Size,Length,Generations,LineCoverageBitString
org.apache.hadoop.yarn.util.UnitsConversionUtil,120,17,17,2646,11111111111111111111111111111111111111111111111111111111111000111111111111111111111
