TARGET_CLASS,search_budget,Size,Length,Generations,WeakMutationCoverageBitString
org.apache.commons.math3.analysis.FunctionUtils,120,14,71,152,1111111111111111111111111111111111111100000000000000000000000000000000000000000000000000000000000000000000000001111111101111111111111111111110111111111111100000000000000000000000000000000000000000000000000000000001111111101111111111111111111110111111111111100000000000000000000000000000000000000000000000000000000000000000000000000000000000000000000000011111000000000000001111111111111111111111111111111111111111111111111111111110111111111111111111111110000000000000000000000000000000000000000000000000000000000000000000000000000000000000000000000000000000000000000000000000000000000000000000000000000000000000000000000000000000000000000000000000000000000000000000000000000000000000000000000000000000000000000000000000000000000000000000000000000000000000000000000000000000000000000000000000000000000000000000000000000000000000000000000000000000000000000000000000000000000000000000000000000000000000000000000000000000000000000000000000000000000000000000000000000000000000000000000
