TARGET_CLASS,search_budget,Size,Length,Generations,BranchCoverageBitString,ExceptionCoverageBitString
org.apache.hadoop.yarn.api.records.ResourceRequest,120,44,140,367,10011111101011111111111111111110111111111110110001111111111111111111111111111111111110000,1111111111111111111
