TARGET_CLASS,search_budget,Size,Length,Generations,WeakMutationCoverageBitString
org.apache.commons.math3.util.MathUtils,120,40,46,1686,111111111111111111111111111111111111111111111111111111111111111111111111111111111111111111111111111111111111111111111111111111111111111111111111111111111111111111111111101111111111111111111111111111111111111111111111111111111011111111111111111111111111111111111111111111111111111110111111111111111111111111111111111111111111111111111011111111111111111111101111111111111111111
