TARGET_CLASS,search_budget,Size,Length,Generations,LineCoverageBitString,BranchCoverageBitString
org.apache.commons.math3.util.MathUtils,120,35,47,7543,01111111111111111111111111111111111111111,1111111111111111111111111111111111111111111111111111111111111111111
