TARGET_CLASS,search_budget,Size,Length,Generations,MethodNoExceptionCoverageBitString
org.apache.commons.lang3.Validate,120,49,128,1105,111110011111111111111111111111111111111111111111111
