TARGET_CLASS,search_budget,Size,Length,Generations,MethodNoExceptionCoverageBitString,BranchCoverageBitString
org.apache.hadoop.mapreduce.jobhistory.JobHistoryEventHandler,120,48,243,249,1011011010010111000001111111111111111,11111111111101011001101000000000000000000000101000000000001111111000111110000010111011110100000000000000000000101111111101000000000000000000000000001111110101110111111111000001000000000000000000000000000000000000000000000000000000000000000000000000000000000000000000000000000000000000000000000000000000000000000000000000000000000000000000000000000000000000000000000100010000000000000011111111111111101000100010111011101100000000000000
