TARGET_CLASS,search_budget,Size,Length,Generations,MethodCoverageBitString,BranchCoverageBitString
org.apache.hadoop.fs.HarFileSystem,120,64,193,1017,11111111111111111111111111111111111111111111111111111111100000000001,0000000000000000000111111111111111111111111111111111101111111111011111110011111100000000000101111111111000011101000000000000011111111000000000000000000000000000000110000111101111100000000000000000000000000000000000000000000
