TARGET_CLASS,search_budget,Size,Length,Generations,CBranchCoverageBitString,BranchCoverageBitString
net.sf.javaml.core.DenseInstance,120,26,77,19,1111111111111111111111111111111111111111111111111,1111111111111111111111111111111111111111111111111
