TARGET_CLASS,search_budget,Size,Length,Generations,BranchCoverageBitString,ExceptionCoverageBitString
org.apache.hadoop.mapreduce.jobhistory.JhCounter,120,33,77,1759,11111111111111111111111111111111111111111111101111101111111,11111111
