TARGET_CLASS,search_budget,Size,Length,Generations,CBranchCoverageBitString
org.apache.hadoop.yarn.util.UnitsConversionUtil,120,23,23,2374,0111111111111111111111111110011010101111111111111111111111111111111111111111011110010011111111100011111111111111111110111111
