TARGET_CLASS,search_budget,Size,Length,Generations,MethodNoExceptionCoverageBitString
org.apache.commons.lang3.ClassUtils,120,50,89,7234,1111111111111111111111111110111111111111111111111111
