TARGET_CLASS,search_budget,Size,Length,Generations,CBranchCoverageBitString,MethodNoExceptionCoverageBitString,ExceptionCoverageBitString,OutputCoverageBitString,BranchCoverageBitString,WeakMutationCoverageBitString,LineCoverageBitString,MethodCoverageBitString
wheel.asm.ClassReader,120,65,175,64,1111111111111111111111111111111111111111111111101111111111111101111111111011111111111111010111111111111111101000000000000000000001011000111111000001010000000001111010000000000001101111110000001111110110000000000000000000010000101111001010000000101001111100000010101011111011110000111011011101111101110100001000000100011010000000010101111100000000000000001000000000000000000000000000000000000000000000000000000000000000000001111101000010000000000000000000000000000000000101111110011110101011010111010001100000000001101010111000000000000000110000000000000000000000000000000000000000000000000000000000000000000000000000000000000000000000000000000000000000000000000000000000000000000000000000000000000000000000000000000000000000000000000000000000000000000000000000000000100001111110111110011111111111111101111101111111001,111111111111111111111,1111111111111111111111111111111,0100101000100110110101011010110111110011,1111111111111111111111111111111111111111111111101111101110111111111111111111111111111111010111111111111111101000000000000000000001110001011111000001010000000001111010000000000001101111110000010111101110000000000000000000001000101110101010000000110001111100000101010011111111101010111110101010101010101010101000000100011100000000010011111010000000000000010000000000000000000000000000000000000000000000000000000000000000000001111010110000000000000000000000000000000000000111101010111110101010101010101010101000000001110101110000000000000001001000000000000000000000000000000000000000000000000000000000000000000000000000000000000000000000000000000000000000000000000000000000000000000000000000000000000000000000000000000000000000000000000000000000000000000000000000000000100001111110111111111111111111111010101110101011111,11111111111111111111111111111111111111111111111111111111111111111111111111111111111011111111110111001110111111111111111111111111111111111111101101111111011111111111111111111111111111111010111111111110101111101000000000000000000000000000000000000000000000000000000000000000000000000000000000000000000000000000000000000000010000000000111111111111111111111111111111111011111111111111111111111111101111111111111111111111111111111111011111111111111111111111011111111111111111011111111111111111111111101111111111111111101111111111111000000000000000000000000111111111111111111111111111101111111101111111,1101111111111111111111111111111111111111111110011111111111111111111111111111100000000000000000000000001111101110000100001000001111111111111111100000000000000111111000010000111111111111111111111111110000000000000000000000111000001111111110000000111110000111000010101000011111111111111110000000000000000000000000111100011110000000011111111111111111100000000000010111111111100000000000000011000000000000000000000000000000000011111111100000000000000000000000000000000000000000000000000000000111110000000000000000000000000000000000000000000000111000000000111111111011111000001110100000000000000000000000010000111111111111111111001111111111111111111111111111111111111100000000000000000000000000000000000000000000000000000000000000000000000000000000000000000000000000000000000000111111111111111111111100011000000000000000000000011111111000000000000011111111110001111111111111,111111111111111111111
