TARGET_CLASS,search_budget,Size,Length,Generations,WeakMutationCoverageBitString,BranchCoverageBitString
wheel.asm.ClassReader,120,25,62,25,11111111111111111111111111111111111111111111111111111111111111111111111111111111111011111111110111101110111111111111111111111111111111111111101101111111011111111111111111111111111111111110111111111111101111101000000000000000000000000000000000000010010000000000010000000000000000000000000000000000000000000000000000111111110000000000111111111111111111111111111111111011111111111111111111111111101111111111111111111111111111111111011111111111111111111111011111111111111111011111111111111111111111101111111111111111101111111111111000000000000000000000000111111111111111111111111111101111111101111111,1111111111111111111111111111111111111111111111111111101110111011111111111111111111111111111111111111111111111111000010000000000001110001011111000001011111011111111110100000000001101111110000010111111111111110100000000000011110101110111010111100110001111111101101010011111111111111111111111011101110101010101000000110111111111101110111111110111000000000011111111011101010101011111011101010101010101010101010101111111101111111111111111111101111111011111100111111111111111111111111111111111011101110101010101110000001111111111100011100000001001000000000110000100000000000000000000000000000000000000000000000000000000000000000000000000000000000000000000000000000000000000000000000000000000000000000000000000000000000000000000000000000000000000000000001111010101010111011100001111111111111111111111011111010101110111011111
