TARGET_CLASS,search_budget,Size,Length,Generations,LineCoverageBitString,BranchCoverageBitString
org.apache.hadoop.mapreduce.jobhistory.JobHistoryEventHandler,120,47,254,169,111111111111111100000000110000110000000000000000110000000000000000000000000000000000011011111001111111111011111000000000000000000000000000000000000000000000000000000000000000000000000011110000000000001111101110000000000001110000000000000000000000000000000000000000000000000001111111111110000000001111111111111010000000000000001000000000000000000000000000000000000000000000000000000000000000000000000000000000000000000000000000000000000000000000000000000000000000000000000000000000000000000000000000000000000000000000000000000000000000000000000000000000000000000000000000000000000000000000000000000000000000000000000000000000000000000000000000000000000000000000000000000000000000000000000000000000000000000000110000000000000000000000000000000000000000000000000000000000000000000000000000000000010101111111111111111111111000000001111101100000000000000000000100000111110111111110000000111000000000000000000000000000000000000000000000000000000000000111111000000000111000111111111111111111011111111111111101011111111111111110111101111011111111111,11111111111101011001101000000000000000000000101000000000001111111000111110000010110111100100000000000000000000101111111111000000000000000000000000001111010101110111111111000011000000000000000000000000000000000000000000000000000000000000000000000000000000000000000000000000000000000000000000000000000000000000000000000000000000000000000000000000000000000000000000000100010000000000000011111111110111101000100010111010001100000000000000
