TARGET_CLASS,search_budget,Size,Length,Generations,MethodCoverageBitString,BranchCoverageBitString
org.apache.hadoop.yarn.server.resourcemanager.scheduler.constraint.TargetApplicationsNamespace,120,23,45,1990,111111110100111111,11110111011111111111110111111111111101010111111011111111
