TARGET_CLASS,search_budget,Size,Length,Generations,BranchCoverageBitString
jigl.image.ops.Shift,120,18,55,48,11111111111111111111111111111111111111111111111111111111
