TARGET_CLASS,search_budget,Size,Length,Generations,WeakMutationCoverageBitString,BranchCoverageBitString
org.apache.hadoop.yarn.nodelabels.CommonNodeLabelsManager,120,53,148,182,111110111000000000001011111000111111000000000000111111111111111111001010000000000000000000000000000000000000001111101001111111111111010011111111111111011111111111111111111010010100000000000001100000000000001111111100000000000000000000000001000000000000000000001100000000000000000000000000000111111101111111011100000000000000000111111010100111111111000000000000000000000000000000111000000000111111111111111111010111101000000000000000000000000111111111111110000001111101111011111111111111000000000000111111111111111110110000000010000010000000000000000000000000000000000000000000010001111111111111111111,11111111111111111111010001111110110001011010000000000000000001111010100000000000001111010010110011101100011110111011000000000000000000000110000000000000000000000000000000000000000000000000000000000000001111111011010010111100000000000000001100011100000111010000000100011010000000011110000000000000000000000000000001111
