TARGET_CLASS,search_budget,Size,Length,Generations,BranchCoverageBitString
org.apache.commons.math3.ode.nonstiff.EmbeddedRungeKuttaIntegrator,120,7,27,105,11111111111111111111111011111111111111111011111110101110101011
