TARGET_CLASS,search_budget,Size,Length,Generations,CBranchCoverageBitString,BranchCoverageBitString
Convert,120,5,7,1706,1111110000000000000000000000000000000000000000000000,1111110000000000000000000000000000000000000000000000
