TARGET_CLASS,search_budget,Size,Length,Generations,CBranchCoverageBitString
org.apache.commons.math3.optimization.direct.CMAESOptimizer,120,12,26,8959,10001111101011100111111111000000000000000000000000000000000000000000000000000000000000000000000000000000000000000000000000000000000000000000000000000000000000000000000000000000000000000000000000000000000000000000000000000000000000000000000000000000000000000000000000
