TARGET_CLASS,search_budget,Size,Length,Generations,BranchCoverageBitString,OutputCoverageBitString
org.apache.commons.lang3.builder.HashCodeBuilder,120,61,239,1866,111111111111111111100000101101111111110111110101010111111111111111111111111111111111111111101010111010101011111111,1110110011001100111011101110111011101110110011001110111011101110110011101110101100000110110110110110110110111
