TARGET_CLASS,search_budget,Size,Length,Generations,MethodCoverageBitString
org.apache.hadoop.yarn.api.records.impl.pb.SchedulingRequestPBImpl,120,17,43,0,111111111111111111
