TARGET_CLASS,search_budget,Size,Length,Generations,BranchCoverageBitString,ExceptionCoverageBitString
org.apache.commons.math3.optim.nonlinear.scalar.noderiv.AbstractSimplex,120,24,146,1370,11011111111111111111111111111111111111111111111111111111111,11111111111111
