TARGET_CLASS,search_budget,Size,Length,Generations,MethodCoverageBitString
org.apache.hadoop.yarn.server.nodemanager.containermanager.linux.resources.CGroupsHandlerImpl,120,5,8,914,11001000000001100
