TARGET_CLASS,search_budget,Size,Length,Generations,BranchCoverageBitString,OutputCoverageBitString
org.apache.hadoop.yarn.server.resourcemanager.scheduler.fair.QueueManager,120,21,47,253,1111111110000000000100110011111101000000111010000000000000000000000111110000000111000100000000000011000001000000010111100000000111111,000000000000000001000000000000000001000000000000000011000000000000000001000000000000000010000000000000000110000000000000000011101
