TARGET_CLASS,search_budget,Size,Length,Generations,BranchCoverageBitString
org.apache.commons.math3.ode.nonstiff.EmbeddedRungeKuttaIntegrator,120,7,30,168,11111111111111111111111111101011111111111001111110101110101010
