TARGET_CLASS,search_budget,Size,Length,Generations,LineCoverageBitString,BranchCoverageBitString
org.apache.hadoop.yarn.server.resourcemanager.monitor.capacity.QueuePriorityContainerCandidateSelector,120,1,2,954,11111111100000000000000000000000000000000000000000000000000000000000000000000000000000000000000000000000000000000000000000000000000000000000000000000000000000000000000000000000000000000000000,10100000000000000000000000000000000000000000000000000000000000000000000000000000000000000000000
