TARGET_CLASS,search_budget,Size,Length,Generations,LineCoverageBitString
org.apache.hadoop.yarn.server.resourcemanager.amlauncher.AMLauncher,120,1,13,598,111111100000000000000000000000000000000000000000000000000000000000000000000000000000000000000000000000000000000000000000000000000000000000000000000000000000000000000000000000000000
