TARGET_CLASS,search_budget,Size,Length,Generations,WeakMutationCoverageBitString,BranchCoverageBitString
org.apache.hadoop.yarn.server.timeline.EntityGroupFSTimelineStore,120,26,88,194,11000000000000000000000000000000000000000000000000000000000000000000000000000000000000000000000000000000000000000000000000011001110000000000000000000000000000000000000000000000000000000000000000000000000000000000000000000000000000000000000000000000000000000000000000000000000000000000000000000000000000000000000000000000000000000000011111000000000001011100000000000000000000000000000000000000000000000000000000000000000100000000000000000000000000000000000000000000000000000000000000000000000000000000000000000000000000000000000000000000000000000000000000000000000111111111110000000000000000000000000000011111111111111111111100000000000000011111111011111111111111111111111110000000000000000000111111110000,001111111111111101110111100000000000000000000100000000000000000000000000000000000000000000000000000000000000011110000100000000000000000000000000000000000001000000000000000000000000000000000000000000000000000001111110100000000
