TARGET_CLASS,search_budget,Size,Length,Generations,MethodNoExceptionCoverageBitString
wheel.asm.ClassWriter,120,28,79,195,111110111111111111111111111111
