TARGET_CLASS,search_budget,Size,Length,Generations,CBranchCoverageBitString
org.apache.hadoop.yarn.util.timeline.TimelineEntityV2Converter,120,36,128,247,111111110010011001011011001111110001101111111111110100001101101111111111111111111111110011111110111111111111111111111111111111111111011100001111111111111111111101011111101111001101110011011100011110100000000000000000000011101111
