TARGET_CLASS,search_budget,Size,Length,Generations,CBranchCoverageBitString,BranchCoverageBitString
org.apache.hadoop.yarn.server.resourcemanager.scheduler.constraint.TargetApplicationsNamespace,120,24,42,2209,11110111111011111111111011111111111011011111111011111111,11110111011111111111110111111111111101011111111011111111
