TARGET_CLASS,search_budget,Size,Length,Generations,MethodNoExceptionCoverageBitString
org.apache.hadoop.yarn.server.nodemanager.containermanager.linux.resources.CGroupsHandlerImpl,120,11,61,329,10011101111101101
