TARGET_CLASS,search_budget,Size,Length,Generations,MethodCoverageBitString
org.apache.hadoop.util.bloom.DynamicBloomFilter,120,9,22,4,11111111111
