TARGET_CLASS,search_budget,Size,Length,Generations,MethodNoExceptionCoverageBitString
org.apache.hadoop.yarn.server.nodemanager.containermanager.linux.resources.gpu.GpuResourceAllocator,120,10,22,598,111011110011111
