TARGET_CLASS,search_budget,Size,Length,Generations,BranchCoverageBitString
org.apache.commons.math3.analysis.FunctionUtils,120,15,57,2684,0101011110110001100011000000011001100001001000000001100000111001100000000111100000011110000000000001111110000000000000000000000000000000000000000000000000000
