TARGET_CLASS,search_budget,Size,Length,Generations,BranchCoverageBitString,ExceptionCoverageBitString
org.apache.hadoop.yarn.server.resourcemanager.RMAuditLogger,120,38,75,1937,11111111111111111111011111010101110101010101010101010111111101111111010101010101010101011,11111
