TARGET_CLASS,search_budget,Size,Length,Generations,BranchCoverageBitString,ExceptionCoverageBitString
org.apache.hadoop.mapred.QueueConfigurationParser,120,17,42,535,11111111110000000000000000000000000000000000000000000000000000000000000000000000000000000000000000000000000000000000,111111111111
