TARGET_CLASS,search_budget,Size,Length,Generations,BranchCoverageBitString
teder.TederFrame,120,1,1,1273,0000000001000000000000000000000000000000000000000000000000000000000000
