TARGET_CLASS,search_budget,Size,Length,Generations,BranchCoverageBitString
de.devcity.parseargs.ArgsParser,120,26,106,5032,11111111111111111111111111111111111111111111111101111111111111111111011111111111
