TARGET_CLASS,search_budget,Size,Length,Generations,MethodNoExceptionCoverageBitString
org.apache.commons.cli.HelpFormatter,120,38,97,1743,1111111111111111111111111111111111111110
