TARGET_CLASS,search_budget,Size,Length,Generations,WeakMutationCoverageBitString
org.apache.hadoop.yarn.util.resource.ResourceUtils,120,28,74,245,1111111111111111100100110000110100111111111111110100111111111111111111111111111111111111111111111111111100111110111111111000000000000000000000000011111111011101110100111111111110111111111111111111111111111101011111111111000110011111111111110111111111101111111111111111010000000000000000011111101101101111101000000111110111111100000001111111110111111111110111111111111111111111111111111101111000111001010110000000000001111110111111111011111
