TARGET_CLASS,search_budget,Size,Length,Generations,CBranchCoverageBitString
org.apache.hadoop.mapreduce.v2.app.speculate.DefaultSpeculator,120,9,21,690,1010110100100010100000000000000000000000000000000000000000000000000000000000000000000000000000000000000000000000011
