TARGET_CLASS,search_budget,Size,Length,Generations,BranchCoverageBitString,WeakMutationCoverageBitString,LineCoverageBitString,MethodCoverageBitString,MethodNoExceptionCoverageBitString,CBranchCoverageBitString,ExceptionCoverageBitString,OutputCoverageBitString
org.fixsuite.message.view.TreeView,120,10,33,83,111111100000000000111000000000000000000010101000000000101011101110101010,1111111111111111111111000000000000000000000000000000000000000000000000000000000000000000000000000000000000011011111111111111111101111111110111111110000000000000000000000000000001111111111011111101000000000000000001000000001111111111111111101011101011111111111001111111111111111111101110011111001001001,11111010111110011110000111111110000000111111111111111111111111111111111111111111100010000000000000110000000000000000100001110000000001111000000001011111111,1111110,1111110,111111010000000000110100000000000000000001101000000000010101011110011010,111,
