TARGET_CLASS,search_budget,Size,Length,Generations,BranchCoverageBitString,WeakMutationCoverageBitString,LineCoverageBitString,MethodCoverageBitString,MethodNoExceptionCoverageBitString,CBranchCoverageBitString,ExceptionCoverageBitString,OutputCoverageBitString,SelectedLineNumber,SelectedMutationNumber
org.apache.commons.lang3.text.StrBuilder,120,428,1172,276,11111111111110111110111111011111110101111111111111111111111111000111111111111111111111111111111111111111111111111111111111111111111110011111111111111111111111111111111111111111111111111111111111111111111111111111111111111111111111111111111111111111111111111111111111111111111111111111111111111111111111111111111111111111111111111111111111111111111111111111111111111111111111111111111111111111111111111111110000000000000001111111111111111111111111111111111111111111111111111111111111111110011111111111111111111110000000011111111111111111111111111110000000000111111111111111000111111100011111111111111111101111111111110111111111111,11111110111111110110111110110101111111111111111111110110110111111111111111101111111111111011111111111111101111111111111111111011111111111111101110111111111111111011101111111111111110111011111111111101101111101111110111011111111111111111111110111111101101111111011011110111011111111111111101110111111111011011011111011111101111111101111111011111111011111011111110111110000000000000000011011011111111111111111010111101111101101110111110111111111111111111111111111111111110110111101000111110111111111101111111101110000000000111111111111111111110111111111101111100000000000000111111111111000001111110000011111111111111111111111111111111111011110011111111111110,111111111111111111111111111111111111111111111111111111111111111111111111111111111111111111111111111111111111111111111111111111111111111111111111111111111111111111111111111111111111111111111111111111111111111111111111111111111111111111111111111111111111111111111111111111111111111111111111111111111111111111111011111111111111011111111111111111111110111111111111111011111111111111111111111111111100111111111110111111111111111111111111111111111111111111111111100000000001111111111111111111111111111111111111111111111111111111111111111111111111111111111111111111100000000001111111111111111111111111111111111100001111100111111111111101111111111111011111111000000000000011111111111111111111111111111111111111111111111111111111111111111111111111111111111111111111111111111111111111111111111111111111111011111111111111111,111111111111111111111111111111111111111111111111111111111111111111111111111111111111111111111111111111111111111111111111111111111111111111111111111111111111,111111111111111111111111111111111111111111111111111111111111111111111111111111111111111111111111111111111111111111111111111111111111111111111111111111111110,11111011111111111111111111100111111111011111111111111001111011101111111111111111111111111111111111111111111111111111111111111111111110011111111111111111111111111111111111111111111111111111111111111111111111111111111111111111111111111111111111111111111111111111111111111111111111111111111111111111111111111111111111111111111111111111111111111111111111111111111111111111111111111111111111111111111111111111101000000000000001111111111111111111111111111111111111111111111111111111111111111110011111111111111111111110000000011111111111111111111111111110000000000111111111111110010111111010011111111111111111110111111110111111111111111,11111111111111111111111111111111111111111111111111111111111111111111,010100101001000101001010010001010010100100010100101001000101001010010001111110110110010111101101100101111011011001011110110110010111101101100101111011011001011110110110010111101101100101111011011001011110110110011111101101100101111011011001011110110110010111101101100101001010010001011110110110011111101101100111111011011001111110110110011111101101100111111011011001011110110110011111101101100101111011011001010010100100011111101101100101111011011001111110110110010100101001000101111011011001011110110110011111101101100111111011011001111110110110010111101101100101111011011001010010100100010100101001000101001010010001010010100100010100101001000101001010010001010010100100010100101001000101001010010001010010100100010100101001000101001010010001010010100100010100101001000101001010010001010010100100010100101001000101001010010010101100101110100110001001011110101111011011001111110110110011111111111100101001010010001111110110110011111101101101101111110110110111111110111011111111111111010100101001000101001010010001010010100100010100101001000101001010010001011110110110010111101101100101001010010001011110110110010111101101101111110110111111110011110011111101101100110111111011011001111110110110011111101101100111111011011001111110110110011111101101101100101001010010001011110110110011111101101100111111011011001111011011011011011011001101001111111111110011,0,523
