TARGET_CLASS,search_budget,Size,Length,Generations,BranchCoverageBitString,ExceptionCoverageBitString
org.apache.commons.math3.util.MathUtils,120,36,48,90,1111111111111111111111111111111111111111111111111111111111111111111,111111111
