TARGET_CLASS,search_budget,Size,Length,Generations,CBranchCoverageBitString
org.apache.hadoop.yarn.proto.YarnServerNodemanagerServiceProtos,120,149,448,14,11111001011111111001110111111001111110101111101111001001111001111110100110111111010111110111101000111101100111101010001101001101101101111111111001101111111001111111111110011111101110101110111001111010110001101110111111101011111111100000000000010000110000010000100011010010011010000000000010000000000101000000000000000000000000000000000000000000000111000000001111001010001110111110101101010001000000001101010101101010000000100010001100000001010000001000000010101101010010100100001000000111101111111001110010110000011011001010000000000000000000000001110010010011001111001010100000000000001010010000001011110000001110010110000011001101000100101111111101110000000001110000001101001011001010000000000000000000000000000111001011001001000001101100001000000000000010100000000000000000000000000000000010110001111101110110000001010011010100000000000000000000000000000001101000000000000111001101000000000000011010000100100000001010100000000101010010100001001
