TARGET_CLASS,search_budget,Size,Length,Generations,BranchCoverageBitString
Convert,120,5,7,3433,1111110000000000000000000000000000000000000000000000
