TARGET_CLASS,search_budget,Size,Length,Generations,BranchCoverageBitString,ExceptionCoverageBitString
org.apache.hadoop.yarn.event.AsyncDispatcher,120,21,87,116,11111111111111111010000000000000000111110000011111101111111000000001111100011100010001110,111111
