TARGET_CLASS,search_budget,Size,Length,Generations,BranchCoverageBitString
org.apache.commons.math3.analysis.FunctionUtils,120,11,27,4224,0101011110110001100011000000011001100001001000000001100001111000000000000000000000000000000000000001111110000000000000000000000000000000000000000000000000000
