TARGET_CLASS,search_budget,Size,Length,Generations,MethodNoExceptionCoverageBitString,BranchCoverageBitString
org.apache.hadoop.yarn.client.api.impl.TimelineV2ClientImpl,120,20,81,294,110000000001000000,1111111100000000001001001111111111111111111111101111111101010000000011111000000000000000000000000000000000000000000000000000
