TARGET_CLASS,search_budget,Size,Length,Generations,BranchCoverageBitString,ExceptionCoverageBitString
com.google.common.math.BigIntegerMath,120,62,170,127,11111111111111111111111111111101111111111110001111111111111111110110101111111111111111111101100010111111111111111111111111111111111111111111,111111111111111111111111111
