TARGET_CLASS,search_budget,Size,Length,Generations,BranchCoverageBitString
org.apache.hadoop.yarn.server.nodemanager.containermanager.monitor.ContainerMetrics,120,17,90,3181,1011111111110111101111011110111011111111111111010011
