TARGET_CLASS,search_budget,Size,Length,Generations,MethodCoverageBitString,BranchCoverageBitString
org.apache.hadoop.yarn.util.resource.ResourceUtils,120,34,89,229,111111111111111111111111111,111111111111111111010111000001001100101111101100000000000000010111111011010101111111101110101111111111101111110010011111110111111111101000110110110111111101011010000000000000000000010001111
