TARGET_CLASS,search_budget,Size,Length,Generations,BranchCoverageBitString
org.apache.hadoop.thirdparty.com.google.common.base.Verify,120,48,60,2,111111111111111111111111111111111111111111111111111
