TARGET_CLASS,search_budget,Size,Length,Generations,MethodCoverageBitString,BranchCoverageBitString
org.apache.hadoop.yarn.server.resourcemanager.scheduler.distributed.NodeQueueLoadMonitor,120,24,414,3,11111111111111100111111100,11101011101111111101010000100000110000000000000000000011101010100010000000000001000000000000000000
