TARGET_CLASS,search_budget,Size,Length,Generations,BranchCoverageBitString,WeakMutationCoverageBitString,LineCoverageBitString,MethodCoverageBitString,MethodNoExceptionCoverageBitString,CBranchCoverageBitString,ExceptionCoverageBitString,OutputCoverageBitString
gnu.trove.map.hash.TByteObjectHashMap,120,145,519,148,11111111111111111111111111111111111011110111111111101111111111111011111111111111111111111110111111111111111111101111111111111111111111010101001111111111111110111111111110011111111111111111111011111111010000000000001111111111010110111110111111111111110011,111111111111111111111111111111111101111111111111111111111111110111111111101111011111111111111111111111111111111111111111111111111111111111111111111111111111111111111111111111111111111111011111111111111101100011111011111111111111111011111111111111111111111111011111111111111110111111111101111101111111111111111111101111111111111111111111111101111111111111111011111111111100000111111011111111111111111111111111111111011111111111111110111111111111101111111111101001111111111111111111101111111111111111111111111111111011111111111111101111111111100000000000000000000000000000000000000000000001111110111111111111111111000111101111111111111111110000111111111111111111110110001111111110111111110111111101111111111111111111111111011111111111100000000000011111111111,11111111111111111111111111111011111111111111111111111111100001111111111111101111111111111111111110111111111111111111110000000000111111111111111111111111111111111111111111111111111111111111111111111111111111111111111111101111111111111111000000001100000111100111111111111111111111111111111111111111111111111111111111111111111001101111111111111110111111111111111111111111111001011111111111,11111111111111111111111111111111111111111111111111111111111111101010001111111111111,11111111111111111111111011111111111100001111111111111111111110001010001111110101111,11111111111111111110101111111111111111111111111011111111111111111011111111111110101111111101111111111111111101111111111111111111111111101010001111111111111110111111111101101111111111111111110111111111100000000000001111111111001101111101111111111111110011,1111111111111111111111111111111111111111111,1111111111010111100101111101101101100101011101001010110110
