TARGET_CLASS,search_budget,Size,Length,Generations,BranchCoverageBitString,WeakMutationCoverageBitString,LineCoverageBitString,MethodCoverageBitString,MethodNoExceptionCoverageBitString,CBranchCoverageBitString,ExceptionCoverageBitString,OutputCoverageBitString
org.apache.commons.math3.linear.SchurTransformer,120,11,43,72,111111111111111101111111111111111111011111111000000111101111111110100111101111111111111111,11111111111111111111111111111111111111111101101111101111110011111111111111111111111011111111111111111111111111111111111111111111111111111111111111111111111111111111111111111111111111111111101111111111111110111111111111111111111110111111111111111111111111111111111111111111111111111111111111111111111111111111111111111111100111111111111111111111111111111111111111111111111111111111111111111111111111111111111111111111111111111111111111111111111111111111111111111111111111111111111111111111111110111111111111111111111111111111111111111111111111111111111111111111111111111111111111111111111111111111111111111111111111111111111111111111111111111111111111111011111111111111111111101111111111111111111111111111111111111111111111101111111111011111111011111111111111111111111111111111111111111111111111111111111111111111111111111111111111111111111111,111111111111111111111111111111000000001111111111111111111111111111111111111111011111111111111101111101111011111111111111111111111111111111111111111111111111111011111111111111111111111111111111,1111,1111,111111111111111101111111111111111111101111110100000111011111111110101011101111111111111111,11111,101010
