TARGET_CLASS,search_budget,Size,Length,Generations,BranchCoverageBitString
org.apache.commons.cli.HelpFormatter,120,29,98,211,11111111111111111111111111111111111111111111111111111111111111011111111111111000111011111111111110001110111111111111111101111111111110001111110110111011111111
