TARGET_CLASS,search_budget,Size,Length,Generations,MethodCoverageBitString
org.apache.hadoop.yarn.proto.ResourceTracker,120,13,40,1,111111111111111
