TARGET_CLASS,search_budget,Size,Length,Generations,MethodCoverageBitString
org.apache.commons.lang3.time.DateUtils,120,54,127,1,111111111111111111111111111111111111111111111111111111111
