TARGET_CLASS,search_budget,Size,Length,Generations,WeakMutationCoverageBitString
org.apache.hadoop.yarn.server.resourcemanager.amlauncher.AMLauncher,120,0,0,688,0000000000000000000000000000000000000000000000000000000000000000000000000
