TARGET_CLASS,search_budget,Size,Length,Generations,WeakMutationCoverageBitString
org.apache.hadoop.thirdparty.com.google.common.primitives.Longs,120,56,104,614,11111111111111110111111011111111011111111110111111111111111110111111111111111111111111110111111101111011111110111111111111101111111101111111111111111111111111111111111111111111111111111111111111111111111111111111111111111111111111111111111101111111111111110111111111111111011111111111111101111111111111110111111111111111011111111011111111111111111110111111111111111111111111111111111110011111111111111111100111111111111111111111011111111111110000000000000111111111111110110000000000000000000000000000000000000000000000000000000000000000000000000000000000000000000000000000000000000000000000000000000000
