TARGET_CLASS,search_budget,Size,Length,Generations,WeakMutationCoverageBitString
org.apache.hadoop.io.retry.AsyncCallHandler,120,16,52,1,110111111110111111110111101111110000000000000011000000000000000000111111111111000000000000000000000000000001111110011111
