TARGET_CLASS,search_budget,Size,Length,Generations,BranchCoverageBitString,ExceptionCoverageBitString
wheel.asm.ClassReader,120,52,411,36,1111111111111111111111111111111111111111111101000111101110111111111111111110111111111111010111111111111111101000000000000000000001110001011111000001010000000001111010000000000001101111110000010111111110100000000000000000011110101110111010111100110001111100000101010011111111111111111111111011111111111010101001111100011111111111110111111110111000000000011111111010101010101011101011101010101010101010101010101011111101111111111111111111101111111011111100111111111111111111111111111111111011111111111010101110011111111111101100011100000001001000000000000000000000000000000000000000000000000000000000000000000000000000000000000000000000000000000000000000000000000000000000000000000000000000000000000000000000000000000000000000000000000000000000000001111010101010111011100001111110111111111111111111111110101110111111111,111111111111111111111111111111111
