TARGET_CLASS,search_budget,Size,Length,Generations,CBranchCoverageBitString,BranchCoverageBitString
org.apache.hadoop.yarn.server.nodemanager.containermanager.linux.resources.CGroupsHandlerImpl,120,22,127,200,111111111010101111111111110111111110000000100010000000011000000000000010000000000000101000111101011110111,110111111111001111111111101111111110000001000010000000011000000000000100000000000001010001001111110101111
